10.8	0.8	3.9	2.9	-4.2	3.1	-1.0	3.9	-0.5
0.8	1.5	0.9	-0.2	-2.6	0.8	-1.3	0.9	0.4
3.9	0.9	2.2	0.9	-2.2	1.9	-1.1	2.2	0.1
2.9	-0.2	0.9	2.0	0.2	0.9	0.0	0.9	-0.2
-4.2	-2.6	-2.2	0.2	10.4	-0.8	-1.9	-2.2	-1.2
3.1	0.8	1.9	0.9	-0.8	2.0	-1.4	1.9	0.2
-1.0	-1.3	-1.1	0.0	-1.9	-1.4	13.2	-1.1	-0.1
3.9	0.9	2.2	0.9	-2.2	1.9	-1.1	2.2	0.1
-0.5	0.4	0.1	-0.2	-1.2	0.2	-0.1	0.1	2.4
